14159265358979323846
26433832795028841971
69399375105820974944
59230781640628620899
86280348253421170679
82148086513282306647
09384460955058223172
53594081284811174502
84102701938521105559
64462294895493038196
44288109756659334461
28475648233786783165
27120190914564856692
34603486104543266482
13393607260249141273
72458700660631558817
48815209209628292540
91715364367892590360
01133053054882046652
13841469519415116094
33057270365759591953
09218611738193261179
31051185480744623799
62749567351885752724
89122793818301194912
98336733624406566430
86021394946395224737
19070217986094370277
05392171762931767523
84674818467669405132
00056812714526356082
77857713427577896091
73637178721468440901
22495343014654958537
10507922796892589235
42019956112129021960
86403441815981362977
47713099605187072113
49999998372978049951
05973173281609631859
50244594553469083026
42522308253344685035
26193118817101000313
78387528865875332083
81420617177669147303
59825349042875546873
11595628638823537875
93751957781857780532
17122680661300192787
66111959092164201989
38095257201065485863
27886593615338182796
82303019520353018529
68995773622599413891
24972177528347913151
55748572424541506959
50829533116861727855
88907509838175463746
49393192550604009277
01671139009848824012
85836160356370766010
47101819429555961989
46767837449448255379
77472684710404753464
62080466842590694912
93313677028989152104
75216205696602405803
81501935112533824300
35587640247496473263
91419927260426992279
67823547816360093417
21641219924586315030
28618297455570674983
85054945885869269956
90927210797509302955
32116534498720275596
02364806654991198818
34797753566369807426
54252786255181841757
46728909777727938000
81647060016145249192
17321721477235014144
19735685481613611573
52552133475741849468
43852332390739414333
45477624168625189835
69485562099219222184
27255025425688767179
04946016534668049886
27232791786085784383
82796797668145410095
38837863609506800642
25125205117392984896
08412848862694560424
19652850222106611863
06744278622039194945
04712371378696095636
43719172874677646575
73962413890865832645
99581339047802759009
94657640789512694683
98352595709825822620
52248940772671947826
84826014769909026401
36394437455305068203
49625245174939965143
14298091906592509372
21696461515709858387
41059788595977297549
89301617539284681382
68683868942774155991
85592524595395943104
99725246808459872736
44695848653836736222
62609912460805124388
43904512441365497627
80797715691435997700
12961608944169486855
58484063534220722258
28488648158456028506
01684273945226746767
88952521385225499546
66727823986456596116
35488623057745649803
55936345681743241125
15076069479451096596
09402522887971089314
56691368672287489405
60101503308617928680
92087476091782493858
90097149096759852613
65549781893129784821
68299894872265880485
75640142704775551323
79641451523746234364
54285844479526586782
10511413547357395231
13427166102135969536
23144295248493718711
01457654035902799344
03742007310578539062
19838744780847848968
33214457138687519435
06430218453191048481
00537061468067491927
81911979399520614196
63428754440643745123
71819217999839101591
95618146751426912397
48940907186494231961
56794520809514655022
52316038819301420937
62137855956638937787
08303906979207734672
21825625996615014215
03068038447734549202
60541466592520149744
28507325186660021324
34088190710486331734
64965145390579626856
10055081066587969981
63574736384052571459
10289706414011097120
62804390397595156771
57700420337869936007
23055876317635942187
31251471205329281918
26186125867321579198
41484882916447060957
52706957220917567116
72291098169091528017
35067127485832228718
35209353965725121083
57915136988209144421
00675103346711031412
67111369908658516398
31501970165151168517
14376576183515565088
49099898599823873455
28331635507647918535
89322618548963213293
30898570642046752590
70915481416549859461
63718027098199430992
44889575712828905923
23326097299712084433
57326548938239119325
97463667305836041428
13883032038249037589
85243744170291327656
18093773444030707469
21120191302033038019
76211011004492932151
60842444859637669838
95228684783123552658
21314495768572624334
41893039686426243410
77322697802807318915
44110104468232527162
01052652272111660396
